day	level	floors	pots	coins	skyCoins	skyXp	bugs	gems	coinSink	cloudseed	dew	boxes	orders	failedFloorAttempts	ledgerEntries
1	12	1	6	259	39	27	5	0	800	2	1	0	0	3	119
2	13	1	6	581	249	45	9	0	147	2	1	0	0	3	107
3	14	1	6	882	228	43	12	0	147	2	1	0	0	3	110
4	15	2	9	61	166	69	22	0	1207	2	1	0	0	2	161
5	16	2	9	25	281	93	33	0	537	4	1	0	0	3	182
6	17	2	10	251	423	90	41	0	417	4	1	0	0	3	190
7	18	2	12	349	445	93	56	0	567	4	1	0	0	3	202
8	18	2	12	695	423	90	69	0	297	4	1	0	0	3	193
9	19	3	12	5	349	89	75	0	1259	1	1	0	0	2	161
10	20	3	12	80	496	132	96	0	641	2	3	0	0	3	224
11	21	3	12	130	591	150	109	0	761	3	4	0	0	3	255
12	22	3	14	258	589	150	122	0	681	4	6	0	0	3	261
13	22	3	17	238	591	150	137	0	831	5	8	0	0	3	263
14	23	3	18	486	589	150	155	0	561	6	10	0	0	3	264
15	24	3	18	856	591	150	175	0	441	7	12	0	0	3	262
16	25	3	18	1224	589	150	187	0	441	8	14	0	0	3	256
17	25	3	18	1594	591	150	203	0	441	9	16	0	0	3	258
18	26	4	18	2	662	150	227	0	2474	4	16	0	0	2	282
19	27	4	18	6	676	133	241	0	892	5	18	0	0	3	224
20	27	4	20	137	790	150	264	0	879	6	20	0	0	3	306
21	28	4	24	147	939	150	282	0	1149	7	22	0	0	3	329
22	29	4	24	579	851	150	302	0	639	8	24	0	0	3	325
23	29	4	24	984	824	150	329	0	639	9	26	0	0	3	329
24	30	4	24	1397	832	150	347	0	639	10	28	0	0	3	323
25	31	4	24	1821	843	150	372	0	639	11	30	0	0	3	326
26	31	4	24	2234	832	150	399	0	639	12	32	0	0	3	332
27	32	5	24	1	774	150	416	0	3227	5	31	5	0	2	279
28	32	5	24	151	1025	150	436	0	1095	8	32	6	1	3	304
29	33	5	24	1	508	150	451	0	878	9	34	5	0	3	209
30	33	5	25	107	789	150	470	0	903	10	35	5	0	3	297
31	34	5	30	90	1218	150	498	0	1455	13	36	6	1	3	353
32	34	5	30	435	920	150	521	0	795	14	38	5	0	3	330
33	35	5	30	845	985	150	540	0	795	15	40	5	0	3	341
34	35	5	30	1116	846	150	563	0	795	16	42	4	0	3	334
35	36	5	30	1442	901	150	593	0	795	17	44	5	0	3	346
36	37	5	30	2065	1198	150	612	0	795	20	46	6	1	3	342
37	37	5	30	2402	912	150	629	0	795	21	48	5	0	3	330
38	38	5	30	2784	957	150	650	0	795	22	50	5	0	3	346
39	38	5	30	3489	1280	150	673	0	795	25	52	6	1	3	341
40	38	6	30	2	907	150	694	0	4614	16	50	3	0	2	334
41	39	6	30	7	952	150	711	0	1167	17	52	4	0	3	308
42	39	6	32	1	1362	150	738	0	1588	18	54	4	0	3	371
43	40	6	34	108	1012	150	756	0	1125	19	56	2	0	3	310
44	40	6	36	76	934	150	780	0	1186	20	58	5	0	3	369
45	41	6	36	540	1243	150	811	0	999	21	60	4	0	3	382
46	41	6	36	842	1081	150	836	0	999	22	62	4	0	3	381
47	42	6	36	1481	1418	150	866	0	999	23	64	3	0	3	395
48	42	6	36	1984	1282	150	890	0	999	24	66	4	0	3	385
49	43	6	36	2339	1134	150	906	0	999	25	68	3	0	3	376
50	43	6	36	2806	1246	150	931	0	999	26	70	5	0	3	377
51	44	6	36	3367	1340	150	955	0	999	27	72	5	0	3	375
52	44	6	36	3899	1311	150	969	0	999	28	74	3	0	3	375
53	44	6	36	4209	1089	150	995	0	999	29	76	4	0	3	384
54	45	6	36	4656	1226	150	1026	0	999	30	78	5	0	3	373
55	45	7	36	50	1283	150	1052	0	6109	19	74	4	0	2	354
56	46	7	38	5	1181	150	1073	0	1446	20	76	4	0	3	319
57	46	7	39	3	1112	150	1091	0	1334	21	78	4	0	3	284
58	46	7	40	9	622	150	1104	0	836	22	80	5	0	3	216
59	47	7	41	61	877	150	1128	0	1045	23	82	3	0	3	309
60	47	7	42	193	1277	150	1157	0	1365	26	84	6	1	3	389
61	48	7	42	769	1601	150	1181	0	1245	27	86	4	0	3	389
62	48	7	42	1668	1924	150	1215	0	1245	30	88	6	1	3	424
63	48	7	42	2199	1556	150	1237	0	1245	31	90	4	0	3	400
64	49	7	42	2746	1572	150	1272	0	1245	32	92	4	0	3	411
65	49	7	42	3118	1397	150	1306	0	1245	33	94	5	0	3	419
66	50	7	42	3603	1510	150	1335	0	1245	34	96	5	0	3	397
67	50	7	42	4267	1689	150	1370	0	1245	35	98	3	0	3	425
68	50	7	42	4791	1549	150	1402	0	1245	36	100	5	0	3	416
69	51	7	42	5316	1550	150	1433	0	1245	37	102	3	0	3	412
70	51	7	42	5896	1605	150	1465	0	1245	38	104	5	0	3	419
71	51	7	42	6479	1608	150	1491	0	1245	39	106	2	0	3	414
72	52	8	43	9	993	150	1509	0	7683	25	100	3	0	2	231
73	52	8	45	6	1200	150	1519	0	1423	28	101	6	1	3	278
74	53	8	45	9	1174	150	1540	0	1391	29	102	5	0	3	264
75	53	8	47	11	1059	150	1559	0	1277	30	103	5	0	3	307
76	53	8	48	57	1503	150	1591	0	1677	31	105	4	0	3	401
77	54	8	48	695	1975	150	1629	0	1557	32	107	3	0	3	443
78	54	8	48	1296	1938	150	1659	0	1557	33	109	5	0	3	434
79	54	8	48	1804	1845	150	1683	0	1557	34	111	4	0	3	435
80	55	8	48	2318	1851	150	1706	0	1557	35	113	4	0	3	428
81	55	8	48	2940	1959	150	1738	0	1557	36	115	4	0	3	440
82	55	8	48	3806	2203	150	1770	0	1557	39	117	6	1	3	427
83	56	8	48	4302	1833	150	1803	0	1557	40	119	3	0	3	448
84	56	8	48	4887	1922	150	1834	0	1557	41	121	5	0	3	435
85	56	8	48	5603	2053	150	1862	0	1557	42	123	3	0	3	440
86	57	8	48	6001	1735	150	1893	0	1557	43	125	4	0	3	432
87	57	8	48	6658	1994	150	1928	0	1557	44	127	5	0	3	438
88	57	8	48	7537	2216	150	1962	0	1557	47	129	6	1	3	434
89	58	8	48	8038	1838	150	1996	0	1557	48	131	4	0	3	442
90	58	9	48	1	1969	150	2030	0	10226	31	123	3	0	2	408

floors opened on day: 1 / 4 / 9 / 18 / 27 / 40 / 55 / 72 / 90 / —
pots: 48
