day	level	floors	pots	coins	skyCoins	skyXp	bugs	gems
1	12	1	6	259	39	27	5	0
2	13	1	6	581	249	45	9	0
3	14	1	6	882	228	43	12	0
4	15	2	9	61	166	69	22	0
5	16	2	9	25	281	93	33	0
6	17	2	10	251	423	90	41	0
7	18	2	12	349	308	63	56	0
14	23	3	18	486	0	0	155	0
21	28	4	24	147	0	0	282	0
28	32	5	24	151	0	0	436	0
35	36	5	30	1442	0	0	593	0
42	39	6	32	1	0	0	738	0
49	43	6	36	2339	0	0	906	0
56	46	7	38	5	0	0	1073	0
63	48	7	42	2199	0	0	1237	0
70	51	7	42	5896	0	0	1465	0
77	54	8	48	695	0	0	1629	0
84	56	8	48	4887	0	0	1834	0
90	58	9	48	1	0	0	2030	0

floors opened on day: 1 / 4 / 9 / 18 / 27 / 40 / 55 / 72 / 90 / —
pots: 48
